6958.731794505546
10815.9657341023
2001.2811875163009
4032.6889654518914
2918.909466063369
4609.691621537706
9101.033277107756
6770.205341220065
1252.7016856876764
6662.446832032882
1498.9817341904532
6813.031484526403
12374.20486845298
4167.182219116375
7386.172191869698
691.6772238274418
4385.191259589145
11141.159982234773
10696.262596675222
3752.073494311034
8731.13015775766
8679.105463419797
924.2393696107293
4797.183009481822
3069.263723010805
3292.922705573286
7485.693598864216
3156.4973687027277
6205.0296790554785
5619.790408539839
8123.001544441068
8662.275271884233
11170.27823238141
7822.47911048483
10799.338117027697
3123.761310657129
4040.201908675774
8974.638817133366
6043.459563283981
6247.742388362143
3476.3032156578715
4446.33908109961
8560.409427992012
4245.634810095334
1317.1435493207339
5458.2600949061525
12234.40688039332
2540.3271433853606
5758.081683486973
852.5521601294097
3155.3512990739846
3196.444000257723
2220.1899564765968
3840.312749708661
2574.300468725991
8004.276536000816
1459.0872352221502
5808.431346211115
4752.640707996923
8195.168510425385
12479.668748025113
3889.302165825315
4480.80144759988
9088.181029652627
4140.859961109383
2432.392136042606
1786.1352207278808
2961.2967259081183
7777.834798006425
5216.525355153543
2394.7979436317028
11351.942196717006
8139.240580952938
6949.519793278163
1166.7854963910283
11399.98743689157
4444.601724704778
2045.1584471134706
2997.327063717616
7991.094337089306
6983.179597293905
2234.3986236948576
7967.548146306116
815.5008537447254
729.1085718043204
2341.2663496334826
2530.9475986882458
2805.148168677303
3981.105036605243
9968.483558130112
2033.7321554228854
3893.5772353422913
1312.2698588695107
5242.878319620132
9712.016632886789
4647.035563933076
9159.1838779543
1428.8248539564872
1196.4331296390221
4255.372850805885
5334.647491564803
